13.8792534416	1100.66284074
13.9571772159	1100.78942765
14.0106564089	1100.88171281
14.0814114154	1101.00402726
14.1647930677	1101.14843644
14.2584753564	1101.31054581
14.3628655023	1101.49133195
14.4935064858	1101.7172841
14.6325130984	1101.9573964
14.7774220046	1102.20776261
14.9325953061	1102.47656144
15.1162701196	1102.79467667
15.2971191952	1103.10803117
15.5082855768	1103.47375382
15.7343836368	1103.86535538
15.9537640149	1104.24474992
16.2059746332	1104.6818837
16.4635315474	1105.12914933
16.6953468878	1105.5310048
16.909423882	1105.90075577
17.1295776896	1106.28027238
17.3352528145	1106.63622941
17.5508900216	1107.01074113
17.7474556511	1107.35204972
17.9618435433	1107.72192277
18.1766529607	1108.0914296
18.3771820609	1108.43652238
18.5995445803	1108.82189835
18.8239689396	1109.21154679
19.0831986003	1109.65954484
19.3298111483	1110.08520402
19.6061783367	1110.56262101
19.8757286613	1111.02953995
20.1955280848	1111.58276261
20.5093803931	1112.12536515
20.8209419791	1112.66454972
21.1786270684	1113.28295792
21.5228043139	1113.88037004
21.9100609365	1114.55383195
22.2829666681	1115.20056046
22.6978188092	1115.92394913
23.1016006998	1116.63207902
23.576147132	1117.45910539
24.0436802464	1118.27526749
24.5599289466	1119.17834367
25.0534897383	1120.03991593
25.6405678323	1121.06310929
26.154523903	1121.95898331
26.6569481418	1122.83495988
27.1551495129	1123.70373429
27.6746788569	1124.61010637
28.1643639158	1125.46288956
28.6818676522	1126.36254777
29.1632233207	1127.19885148
29.6411896287	1128.02844132
30.1518574306	1128.91491593
30.6807308724	1129.83508195
31.1886005946	1130.72338761
31.7087135849	1131.6350087
32.2842026313	1132.6461171
32.8013153613	1133.55468644
33.3423157265	1134.50317277
33.852073724	1135.39550675
34.3882980871	1136.33373917
34.8892975387	1137.20959367
35.41725927	1138.1313466
35.9174347453	1139.00341691
36.4007034848	1139.84582414
36.8973999554	1140.71130265
37.3440857461	1141.49011124
37.7890701846	1142.26574601
38.1583252501	1142.90856828
38.5006676263	1143.50439347
38.7733994064	1143.97851456
39.0323944626	1144.430663
39.3024139939	1144.90258683
39.5379334036	1145.31494035
39.7539444506	1145.6929921
39.9811401906	1146.08984269
40.1905747004	1146.45568742
40.3960571826	1146.81445206
40.6110458909	1147.18920792
40.8087082441	1147.53295792
41.0199509208	1147.89892472
41.2098808834	1148.22766007
41.4123230528	1148.57849015
41.5941162648	1148.89391984
41.788513237	1149.23034562
41.9633637008	1149.53210343
42.1454620917	1149.84606828
42.3127327519	1150.13513078
42.486793573	1150.43578995
42.6470909665	1150.71288957
42.8233261633	1151.01769914
43.0011063159	1151.3258046
43.1926575238	1151.65746964
43.4018021159	1152.01953019
43.6426926199	1152.43688858
43.8706284102	1152.83178605
44.1322174614	1153.2855214
44.3806534352	1153.71740616
44.667270714	1154.21618546
44.9387665335	1154.6884755
45.2396774826	1155.21142472
45.5379524776	1155.73010148
45.8486748278	1156.27087296
46.1796722942	1156.84741105
46.519859369	1157.43957413
46.8993721543	1158.10058488
47.2717018652	1158.74926651
47.6590805589	1159.42431534
48.0622826163	1160.12719621
48.5029526309	1160.8961171
48.9650650564	1161.70190324
49.4600334709	1162.56542863
50.0044746926	1163.51501359
50.5652161174	1164.49291886
51.1914101175	1165.5844716
51.8930817196	1166.80615128
52.5109329748	1167.8858632
53.1116829453	1169.04186906
53.6787491368	1170.20556534
54.2650185162	1171.39086808
54.8784981296	1172.66284074
55.4851990279	1173.93945206
56.0934258041	1175.22595109
56.7118950427	1176.53625382
57.322864587	1177.83190812
57.9284554065	1179.11755265
58.5662537156	1180.45544328
59.2130699701	1181.68200578
59.876487785	1182.88891496
60.603279168	1184.22851457
61.3085861744	1185.51293839
62.0361824573	1186.82958878
62.7819099965	1188.17834366
63.6343040992	1189.71960343
64.4109802789	1191.12121476
65.2024536675	1192.54577531
66.0478516157	1194.06481827
66.8657532273	1195.5343007
67.695831353	1197.02624406
68.5800171438	1198.61535538
69.4389038614	1200.15807999
70.3434525068	1201.78149308
71.2068176804	1203.3291005
72.065635733	1204.86865128
73.0013733441	1206.5466298
73.8501358567	1208.06933488
74.6952438895	1209.58483781
75.5769653858	1211.16308488
76.5585632851	1212.91784562
77.4403152997	1214.49841202
78.2852707458	1216.01904191
79.1087570722	1217.5021962
79.9588394701	1219.02929581
80.7781372593	1220.49853409
81.5956268841	1221.96484269
82.4310837334	1223.46618546
83.2375336235	1224.91699113
84.0756378719	1226.42529191
84.8730087816	1227.85925187
85.7237091602	1229.3870839
86.5249863203	1230.82397355
87.3165283732	1232.24389542
88.1345291659	1233.71484269
88.9131470266	1235.1202382
89.6870804373	1236.51891984
90.5123367842	1238.01110734
91.2774582459	1239.39379777
92.0767136167	1240.83727921
92.8398819493	1242.2131337
93.6021118714	1243.58532609
94.3908615661	1245.00182999
95.1535721375	1246.36962785
95.9042511534	1247.71508683
96.6494751516	1249.0511464
97.3889008107	1250.38000382
98.1239471975	1251.70446672
98.8573914102	1253.02734269
99.5902939371	1254.34814347
100.320060783	1255.66308487
101.045372063	1256.97192277
101.766517692	1258.27282609
102.48504644	1259.56518448
103.202133232	1260.85107316
103.916587884	1262.12939347
104.626106316	1263.40197648
105.329368645	1264.66723527
106.028060967	1265.92773331
106.725296074	1267.18542374
107.421974235	1268.43896378
108.115272576	1269.68542374
108.803833061	1270.92419327
109.488288933	1272.15685929
110.170967155	1273.38622941
110.852035576	1274.6103505
111.529556328	1275.8266591
112.202529961	1277.03698624
112.872009331	1278.24255265
113.538024955	1279.44262589
114.200828606	1280.63622941
114.860855155	1281.82433976
115.51705938	1283.00707902
116.168228203	1284.18212785
116.815689142	1285.35046281
117.460975699	1286.51379288
118.086341911	1287.68078507
118.652748162	1288.8636464
119.154724175	1290.05834855
119.596336419	1291.25781144
120.039314325	1292.44445695
120.470100457	1293.6259755
120.893005425	1294.80297746
121.313125665	1295.97460832
121.731666617	1297.13976945
122.147834832	1298.29797257
122.629470878	1299.64050187
123.039169365	1300.78405655
123.446106011	1301.92089738
123.851173454	1303.05163468
124.254287774	1304.17602433
124.655082756	1305.29186906
125.053566034	1306.399413
125.44977575	1307.50024308
125.844680841	1308.59814347
126.236511283	1309.69238175
126.625984244	1310.77575577
127.010498102	1311.84789933
127.393470819	1312.91430558
127.776001029	1313.97912492
128.15690618	1315.04101456
128.534774832	1316.09692277
128.909820611	1317.14391984
129.343811089	1318.35412492
129.714141899	1319.38500871
130.084960991	1320.4138173
130.457855279	1321.45422257
130.83697515	1322.51269425
131.222702081	1323.59252823
131.613372856	1324.68810929
132.004180961	1325.78051652
132.393707329	1326.8648671
132.780960136	1327.94091691
133.165771537	1329.00939835
133.544677789	1330.07202042
133.870208795	1331.13867081
134.12670904	1332.20837296
134.307952935	1333.27636613
134.469879206	1334.33203019
134.642913873	1335.37744035
134.807540946	1336.41662491
134.967407279	1337.44287003
135.124359184	1338.44811906
135.303115898	1339.58935441
135.451995903	1340.53832902
135.597229057	1341.46227921
135.743469291	1342.38818253
135.893798882	1343.33935441
136.049560602	1344.3245839
136.209075982	1345.33544816
136.372497611	1346.37499894
136.540191704	1347.44494523
136.713409478	1348.54614152
136.892639213	1349.68005265
137.077514702	1350.84655656
137.268249565	1352.04565324
137.494155938	1353.46618546
137.687103324	1354.67809953
137.878540093	1355.87817277
138.06773382	1357.06542863
138.254608208	1358.23974503
138.439590508	1359.40222062
138.623138482	1360.55346574
138.805542046	1361.69287003
138.98695379	1362.81957902
139.166305597	1363.93334855
139.372772271	1365.21557511
139.547363334	1366.30200089
139.748565727	1367.55541886
139.919281059	1368.61889542
140.088165336	1369.67199601
140.255279596	1370.71411027
140.420517021	1371.74487198
140.583953912	1372.76318253
140.745849663	1373.77026261
140.932922416	1374.93224992
141.092239434	1375.9171132
141.250137383	1376.89135636
141.406066948	1377.85400285
141.559738213	1378.8044423
141.709594778	1379.74340715
141.810699517	1380.67211808
141.835754448	1381.58837785
141.779174859	1382.48571671
141.650314386	1383.35766496
141.554245049	1384.21899308
141.465332086	1385.07116593
141.372924857	1385.91332902
141.281387383	1386.74536026
141.192413384	1387.56860246
141.104980521	1388.38232316
141.018051201	1389.18676652
140.931671196	1389.98168839
140.8469544	1390.76037492
140.765777642	1391.51074113
140.688201958	1392.23010148
140.614105278	1392.91772355
140.543457085	1393.57397355
140.490203909	1394.19897355
140.515243585	1394.79528703
140.593261772	1395.4606923
140.611770684	1396.01721085
140.623962455	1396.56091203
140.638305716	1397.1058339
140.652191215	1397.67065324
140.665039115	1398.26122941
140.678009086	1398.8804921
140.692108207	1399.53051652
140.707351739	1400.21227921
140.723098808	1400.93017472
140.739181571	1401.69042862
140.755630548	1402.48449601
140.772308403	1403.31286515
140.790023858	1404.20043839
140.808807426	1405.1518544
140.828674371	1406.16625871
140.849655205	1407.24267472
140.871810967	1408.37158097
140.894836481	1409.5310048
140.918457085	1410.72119034
140.942764336	1411.94372453
140.967636162	1413.19946183
140.993026787	1414.48718156
141.018737845	1415.80578508
141.045043999	1417.15576066
141.071563773	1418.53735246
141.098434503	1419.95141496
141.125198416	1421.38195695
141.151748711	1422.80627335
141.177780204	1424.21813859
141.203155571	1425.61608781
141.2236939	1426.99963273
141.192810112	1428.36047257
141.129821831	1429.69799698
141.076599176	1431.02233781
141.017364554	1432.33251847
140.955352836	1433.62902726
140.893646294	1434.91125382
140.8330689	1436.17968644
140.769989068	1437.50402726
140.74424749	1438.7419423
140.761016899	1439.95800675
140.763427788	1441.15978898
140.769592339	1442.34936417
140.778747611	1443.52587784
140.788391167	1444.68945206
140.797210746	1445.84057511
140.805587824	1446.97973527
140.813964899	1448.10644425
140.822570854	1449.22387589
140.831268364	1450.35485734
140.840210015	1451.51476944
140.849273736	1452.70580949
140.858581595	1453.92809953
140.868331963	1455.18286027
140.878509574	1456.47216691
140.889267021	1457.81005753
140.900543267	1459.19030656
140.912323051	1460.61010636
140.924514825	1462.06640519
140.936828666	1463.55541886
140.948730523	1465.07055558
140.959838919	1466.61181535
140.970123344	1468.17858781
140.980072074	1469.7633046
140.990173393	1471.34484757
141.002136284	1473.18139542
141.012542779	1474.74902238
141.023346	1476.31066788
141.034484915	1477.86547745
141.045806939	1479.41223038
141.057083184	1480.95129289
141.068237358	1482.48242082
141.079254204	1484.00671281
141.090210014	1485.524413
141.101165826	1487.03564347
141.112030083	1488.54016007
141.12277227	1490.03735246
141.135208184	1491.77490128
141.145904594	1493.25732316
141.156707818	1494.73266495
141.167694146	1496.20190323
141.17871099	1497.66430558
141.191589409	1499.361205
141.202697807	1500.80834855
141.213897758	1502.24877824
141.225143486	1503.68249406
141.235656793	1505.10192765
141.247360283	1506.5166005
141.257171684	1507.94018449
141.2665711	1509.35937394
141.276763968	1510.76574601
141.287536674	1512.15759171
141.297958429	1513.540038
141.307830864	1514.91796769
141.317504937	1516.29467667
141.328933769	1517.89526261
141.338851983	1519.26000871
141.348815972	1520.61657609
141.358703666	1521.96508683
141.35324102	1523.30529679
141.287124687	1524.62878312
141.200225884	1525.9384755
141.122375541	1527.24182023
141.039749199	1528.53698624
140.955246025	1529.82824601
140.869781547	1531.13549699
140.783233696	1532.46667374
140.695007378	1533.82153214
140.604797418	1535.20056046
140.512664849	1536.60400284
140.419128472	1538.0277089
140.325729424	1539.45117081
140.232864434	1540.86852921
140.166290338	1542.27734269
140.159713799	1543.6716298
140.147415215	1545.05639543
140.137832695	1546.45056047
140.132614189	1547.86755265
140.128814752	1549.30883683
140.124969536	1550.77551164
140.120849663	1552.26696671
140.116989188	1553.78393448
140.113220269	1555.32678116
140.1092835	1556.8948964
140.104736381	1558.48876847
140.099762015	1560.10900773
140.09478765	1561.75146378
140.090118462	1563.39404191
140.085632378	1565.03002824
140.06581121	1566.65661515
139.997558647	1568.26513566
139.934936576	1569.86572159
139.867523247	1571.46032609
139.797668512	1573.0478505
139.72811895	1574.62853898
139.659469659	1576.2016591
139.590957695	1577.7666005
139.521972711	1579.32421769
139.452743583	1580.87524308
139.383834893	1582.41992081
139.315033013	1583.95703019
139.245452934	1585.49755754
139.174865778	1587.05676163
139.104400688	1588.63891495
139.034011894	1590.24328507
138.962036186	1591.86743058
138.887695367	1593.51232804
138.811843926	1595.17773331
138.736740165	1596.84667863
138.662567192	1598.51110734
138.588562066	1600.16870011
138.514343315	1601.8188466
138.440139824	1603.4606923
138.366500909	1605.09399308
138.293685967	1606.71887101
138.221405085	1608.33605851
138.149124199	1609.94750871
138.076751762	1611.55432023
138.005538994	1613.13696183
137.9381867	1614.63818253
137.874984795	1616.04614152
137.815200859	1617.37548722
137.759063776	1618.61559952
137.706298883	1619.76367082
137.656662041	1620.85632218
137.608062799	1621.92578019
137.560562186	1622.96655167
137.513717704	1623.98242082
137.466995292	1624.98327531
137.420471246	1625.97241105
137.374389701	1626.95239152
137.329040581	1627.92211808
137.284622247	1628.88085831
137.240890557	1629.82763566
137.197784478	1630.76281632
137.155258233	1631.68798722
137.112976127	1632.60290421
137.048904471	1633.65515031
136.924606378	1634.52990616
136.723373468	1635.37036027
136.44093328	1636.17382706
136.074096735	1636.95068253
135.623199517	1637.69909562
135.122924858	1638.43163956
134.640380913	1639.18090714
134.145874075	1639.91589249
133.648742729	1640.6391591
133.158569389	1641.35595597
132.723678642	1642.08776749
132.368942316	1642.84081925
132.096801811	1643.60620011
131.803131157	1644.34728898
131.496398978	1645.08056534
131.191192682	1645.81811417
130.884689384	1646.56054581
130.574997	1647.30712785
130.262695366	1648.05908097
129.944656426	1648.8258046
129.616455132	1649.61877335
129.276321465	1650.4409169
128.923477227	1651.29382218
128.557739312	1652.17700089
128.17834478	1653.09326066
127.784698542	1654.04370011
127.385925346	1655.00707902
126.989028984	1655.96594132
126.59667974	1656.91406144
126.210388237	1657.84728898
125.830734306	1658.76452531
125.424530083	1659.64550675
124.965469413	1660.46923722
124.450241143	1661.22875871
123.924911553	1661.95873917
123.409988458	1662.72228898
122.857101493	1663.53002824
122.263565117	1664.38769425
121.632461602	1665.29736222
120.96690374	1666.2563466
120.280944878	1667.24279679
119.577346855	1668.25341691
118.855056817	1669.29052628
118.114257867	1670.35522355
117.362457329	1671.43615617
116.613372858	1672.51342667
115.852340752	1673.56359757
115.052887016	1674.55615128
114.216690118	1675.48754777
113.363769585	1676.37487687
112.526260429	1677.25903214
111.688827568	1678.12866105
110.841598564	1679.00268449
109.974990898	1679.8969716
109.087524466	1680.81408585
108.169342093	1681.76318253
107.209686334	1682.73205461
106.183792168	1683.67651261
105.09303289	1684.58935441
103.969894463	1685.5120839
102.822174126	1686.42993058
101.667541556	1687.32934464
100.515930229	1688.21984757
99.3698883586	1689.10571183
98.2223663868	1689.97436417
97.0532074518	1690.78137101
95.863372855	1691.51953019
94.6546478804	1692.18676652
93.4293671194	1692.78063859
92.1912537157	1693.30029191
90.9551086945	1693.78466691
89.7245483951	1694.26464738
88.497970634	1694.73376359
87.2784729542	1695.19702042
86.06758123	1695.65698136
84.8645630414	1696.11498918
83.6669159475	1696.57079972
82.4736176086	1697.02490128
81.2860565716	1697.47680558
80.1059113069	1697.9261464
78.9340363081	1698.37243546
77.7699890684	1698.81591691
76.6140442436	1699.25866593
75.4898071837	1699.74145402
74.409027154	1700.27734269
73.3755798879	1700.86584367
72.3853912903	1701.49450578
71.3961639954	1702.10729874
70.4167786179	1702.72216691
69.4459991985	1703.33703507
68.4812164848	1703.94824113
67.5211487339	1704.55505265
66.5664673378	1705.15893448
65.617279106	1705.75976457
64.5181885315	1706.45593156
63.5825501016	1707.04809464
62.6523438036	1707.63647355
61.7273254931	1708.22119034
60.6773682182	1708.92504777
59.8340759813	1709.57763566
59.0512390676	1710.27587784
58.230926566	1711.13671769
57.548461968	1711.85095109
56.8823242734	1712.54797257
56.2404480518	1713.23461808
55.6179504925	1713.90490617
55.0078735895	1714.56164445
54.4061890182	1715.20922745
53.8117676306	1715.8492421
53.2246094285	1716.48242082
52.6440735418	1717.10839737
51.9750061583	1717.82934464
51.4085388717	1718.43896379
50.848419242	1719.04174699
50.2946167534	1719.63793839
49.7465820861	1720.22814835
49.2156982968	1720.81701554
48.760833794	1721.42529191
48.3984985892	1722.04809464
48.1257935102	1722.67358292
47.9336243206	1723.29028214
47.8127136786	1723.88989152
47.6856384823	1724.46484269
47.5339050827	1725.01464738
47.355529838	1725.53002824
47.105987603	1725.99145402
46.8238831098	1726.41699113
46.5086670471	1726.8089589
46.1590271533	1727.16723527
45.8288574753	1727.52734269
45.548400931	1727.90429581
45.2789917522	1728.27941788
44.9985046933	1728.65405168
44.7114258356	1729.04809464
44.4148865273	1729.46752824
44.1037293003	1729.9096669
43.7710266652	1730.36889542
43.4234619674	1730.8389882
43.0884705135	1731.3134755
42.8274841844	1731.81005753
42.6376953665	1732.32556046
42.4895020058	1732.84509171
42.3001404343	1733.33593644
42.0887146528	1733.82079972
41.8690491256	1734.32617081
41.6387329649	1734.8537587
41.3956299363	1735.40490617
41.1399231489	1735.98266496
40.872192436	1736.59033097
40.5913086468	1737.22851456
40.2941895073	1737.90258683
39.9809570836	1738.61401261
39.6544495175	1739.35546769
39.3081970735	1740.13964738
38.9412842341	1740.96996964
38.57452398	1741.82678117
38.2626953652	1742.72070206
38.0094299861	1743.64770402
37.7318420946	1744.57397355
37.4493103576	1745.51110734
37.1640625544	1746.47582902
36.871398978	1747.47021378
36.5689697804	1748.49426163
36.2570190968	1749.54833878
35.9678955622	1750.63696183
35.7380066467	1751.76257218
35.5701294488	1752.92370499
35.4340515676	1754.11108292
35.2940674365	1755.32763566
35.1725769593	1756.57739152
35.0614929731	1757.86279191
34.9538879942	1759.17639054
34.8471375051	1760.50366105
34.7401733936	1761.8447255
34.6522522522	1763.19836319
34.6284180215	1764.55578507
34.6626587442	1765.90087784
34.6895142134	1767.25353898
34.7247314989	1768.62841691
34.7680969757	1770.02612199
34.8141174843	1771.44799698
34.8606567915	1772.89514054
34.9076233452	1774.36791886
34.9556274951	1775.86743058
35.0047913135	1777.39172257
35.0540466837	1778.92211808
35.1032105032	1780.44592179
35.1524353566	1781.96288957
35.2019959036	1783.47350968
35.2517395553	1784.97729386
35.3014526892	1786.47582902
35.3504334035	1787.96838273
35.3984375541	1789.45275773
35.445983941	1790.92870987
35.4939270557	1792.39636124
35.5423279347	1793.8579091
35.572326713	1795.3134755
35.541442924	1796.75524796
35.477966363	1798.18163956
35.4196777866	1799.59826554
35.3533630906	1801.00512589
35.2839966355	1802.40258683
35.2152405318	1803.79345597
35.1479187552	1805.17797745
35.0812073303	1806.55578507
35.014709527	1807.92529191
34.9484253462	1809.28625382
34.8823242725	1810.63903703
34.8168335499	1811.98449601
34.7467957069	1813.43871964
34.6832275928	1814.77075089
34.6216736381	1816.06274308
34.5638123099	1817.26843156
34.5094910205	1818.39404191
34.4608765183	1819.42846573
34.4136658262	1820.55334366
34.4318543025	1821.48608292
34.5245361861	1822.38085831
34.7347412636	1823.36962784
35.0044556219	1824.16772355
35.3931580122	1825.04504289
35.6873169492	1825.79833878
35.9814453659	1826.55932511
36.2877808147	1827.34130753
36.6044922423	1828.15014543
36.9306335969	1828.98669328
37.2666321332	1829.85034073
37.6140137269	1830.73095597
38.0097961964	1831.58227433
38.465362603	1832.38622941
39.0664673385	1833.25537003
39.5557861867	1833.99816789
40.0339661167	1834.73571671
40.517761284	1835.45507706
41.0441589889	1836.11962785
41.6198730996	1836.7172841
42.2272034232	1837.25805558
42.7984009322	1837.82116593
43.3738098669	1838.39477433
43.9695129924	1838.98315323
44.5851440967	1839.59277238
45.2208557678	1840.2250966
45.8707275935	1840.87206925
46.5209656295	1841.51916398
47.1660461947	1842.16015519
47.8044739318	1842.79516495
48.4354553774	1843.42309464
49.058960014	1844.04394425
49.6756287149	1844.65807999
50.2855530324	1845.26513566
50.8887329632	1845.86572159
51.4850769576	1846.45898331
52.1013794472	1847.00659074
52.7537842334	1847.47875871
53.43325811	1847.86657608
54.1191711961	1848.16357316
54.7962952188	1848.37109269
55.4546814513	1848.53149308
56.0644531781	1848.71948136
56.6406250533	1848.89965714
57.1952515194	1849.07397355
57.7330933149	1849.24877824
58.2575378938	1849.42114151
58.7786560587	1849.5823964
59.2926941445	1849.73632706
59.8081970753	1849.89306535
60.3406372613	1850.06762589
60.8938599184	1850.24389542
61.4691467815	1850.41967667
62.0683289108	1850.60107316
62.6936035682	1850.79321183
63.3470459526	1850.99633683
64.0311585018	1851.20898332
64.7460022512	1851.42993058
65.4917908261	1851.65991105
66.2676392121	1851.89892472
67.0944519571	1852.15417375
67.9843140189	1852.42919816
68.9366455612	1852.72338761
69.951599175	1853.03710831
71.0285950233	1853.37060441
72.1470947805	1853.7172841
73.2857361379	1854.07079972
74.424346978	1854.42419328
75.5545654831	1854.77502335
76.6740418012	1855.12243546
77.7821045463	1855.46630753
78.8766480027	1855.80932511
79.9363098684	1856.19482316
80.9503784718	1856.63464249
81.913604789	1857.1313466
82.8201904846	1857.68591202
83.6642456599	1858.29638566
84.4400940482	1858.95971574
85.1430969773	1859.67089738
85.7677307659	1860.4240712
86.3098450251	1861.21435441
86.7733460009	1862.0186757
87.1878662651	1862.77612199
87.5523987364	1863.46362199
87.8711243214	1864.08203019
88.147399956	1864.62988175
88.383606012	1865.10473527
88.57867437	1865.49914445
88.7396545946	1865.82763566
88.872650199	1866.10034074
88.9620361854	1866.34643449
89.0110474182	1866.61791886
89.0366211476	1866.8735341
89.052825983	1867.12890519
89.0619507363	1867.40576066
89.061798148	1867.70983781
89.0485230024	1868.03393449
89.0195313031	1868.38085831
88.9705811079	1868.74890031
88.8982239304	1869.1346425
88.7997437051	1869.53478898
88.6729736868	1869.94653214
88.5169373084	1870.36620988
88.3967285692	1870.80883683
88.3089905312	1871.27978409
88.2200623086	1871.75244035
88.1307678756	1872.21349991
88.0399170459	1872.69213761
87.9471741254	1873.19445694
87.8544617245	1873.71874894
87.752136285	1874.26830949
87.6405029838	1874.84704483
87.5226135783	1875.45788468
87.3994141162	1876.10082902
87.2723694392	1876.77953995
87.137939506	1877.49340714
86.9930420461	1878.24340715
86.8450623089	1879.02233781
86.6923523489	1879.8435048
86.5211182181	1880.72912492
86.3376770554	1881.68139542
86.146392876	1882.69726457
85.9363098683	1883.76513566
85.7257385802	1884.86767472
85.4986877979	1885.99902238
85.2670288618	1887.17101945
85.0290527882	1888.38806046
84.7912903373	1889.6383046
84.5551147999	1890.89636125
84.3190002985	1892.14147843
84.082183891	1893.3735341
83.8464356007	1894.59716691
83.613616997	1895.81310929
83.3838196347	1897.01879776
83.1528015666	1898.20934952
82.8752136763	1899.36657609
82.5387268612	1900.48242082
82.1422119684	1901.55456437
81.6849976138	1902.57995499
81.1676331104	1903.55346574
80.5931702202	1904.46996965
79.9641724182	1905.32421769
79.3153992227	1906.13745011
78.6852722704	1906.95153702
78.0547791058	1907.75109757
77.4285889213	1908.53930558
76.8094482965	1909.31811417
76.1979981019	1910.08886613
75.5639343806	1910.81921281
74.8896179749	1911.48608292
74.1746826706	1912.08080949
73.4224854038	1912.59362687
72.6520691454	1913.04040421
71.9117126995	1913.51037492
71.2071838915	1913.95825089
70.5672913131	1914.36328019
70.0065918513	1914.71862687
69.5205078661	1915.02807511
69.0690308156	1915.31396378
68.6139221727	1915.53686418
68.1538696822	1915.68408097
67.6943970264	1915.78137101
67.2383118208	1915.84301652
66.78921514	1915.87158097
66.3464661184	1915.87036027
65.8964233939	1915.87670792
65.4369812553	1915.93762101
64.9599304729	1916.01135148
64.4623718788	1916.08752335
63.9426270071	1916.16845597
63.3992004932	1916.25414933
62.8307495654	1916.34374894
62.2364807671	1916.43664445
61.6141663133	1916.53356827
60.963684135	1916.59533585
60.2890015197	1916.57446183
59.5967712936	1916.47814835
58.8616943884	1916.40502824
58.0795288621	1916.35143936
57.2688904342	1916.2875966
56.426727348	1916.21752824
55.5542297894	1916.14575089
54.6543579635	1916.07287492
53.7297668994	1915.99731339
52.7837524961	1915.92297257
51.8349304731	1915.9039296
50.8986206597	1915.93640031
49.9701233445	1915.94042863
49.0341492227	1915.9438466
48.076873833	1915.95092667
47.0936585005	1915.95873917
46.0844727111	1915.96557511
45.0493469784	1915.97265519
43.9859009332	1915.98034562
42.8926086958	1915.98815812
41.7618103549	1915.99633683
40.5796814503	1916.00463761
39.361480766	1916.01220597
38.108123832	1916.02050675
36.8203125533	1916.02953995
35.503875787	1916.03930558
34.164856012	1916.04858292
32.802642876	1916.05761613
31.4148560099	1916.06603898
30.0112305228	1916.07470597
28.6108704154	1916.08410538
27.2160950229	1916.09277238
25.8267212438	1916.10180558
24.4430237354	1916.11132706
23.0665588909	1916.12109269
21.4726563028	1916.1313466
20.114471488	1916.13769425
18.7601929252	1916.14379777
17.4206848678	1916.15136613
16.1511841369	1916.15954484
14.9704590386	1916.16467179
13.8780518127	1916.16332902
12.8737793497	1916.15502824
11.9550781781	1916.14123429
11.1190796432	1916.12292374
10.3506165098	1916.10266007
9.60968022986	1916.07690324
8.88125615782	1916.04919327
8.16064458451	1916.02099503
7.42755132279	1915.99255265
6.66903691977	1915.96264542
5.88095098227	1915.93163956
5.06265264167	1915.89904679
4.21383672353	1915.86498917
3.18661504303	1915.82348527
2.29171758308	1915.78771867
1.40100103122	1915.75195206
0.372833305795	1915.71081437
-0.498596136807	1915.67565812
-1.35443109844	1915.61474503
-2.18096918444	1915.47851456
-2.97167963273	1915.26257218
-3.71899408702	1914.96923722
-4.40744013042	1914.60998429
-5.02230829583	1914.19921769
-5.55804438092	1913.74828995
-6.01431269065	1913.26830949
-6.40286249534	1912.75598038
-6.73696894175	1912.20556535
-7.02343744674	1911.6124257
-7.34152216295	1910.88818253
-7.66119379335	1910.27184952
-8.00167841249	1909.65991105
-8.40692133311	1909.10510148
-8.87368768972	1908.6247548
-9.36892694834	1908.20825089
-9.89215082518	1907.84667862
-10.4252623976	1907.49365128
-10.9475097113	1907.08788956
-11.4890136185	1906.65966691
-12.0528258733	1906.21386613
-12.6345214306	1905.76098527
-13.2207946231	1905.30261124
-13.7860106887	1904.82226456
-14.3686217713	1904.20507706
-14.7904357381	1903.63207902
-15.1320189888	1903.02905168
-15.3992003872	1902.40954484
-15.598876898	1901.7822255
-15.7525634237	1901.0478505
-15.8440856402	1900.321288
-15.9917602011	1899.62573136
-16.1272582476	1899.04540909
-16.2732848587	1898.41516007
-16.4111632766	1897.82690324
-16.5719298769	1897.14794816
-16.7290954049	1896.48339738
-16.8933715271	1895.78491105
-17.0820617128	1894.98132218
-17.233856148	1894.25378312
-17.3081054159	1893.47106827
-17.2900084897	1892.75182999
-17.1916503371	1892.00952042
-17.1253966747	1891.22289933
-17.0870665955	1890.49218644
-17.0399779748	1889.65905656
-16.9918822689	1888.80859269
-16.9450377878	1887.95580948
-16.8888854436	1886.93591202
-16.8339843198	1885.95580948
-16.7687072206	1884.80383195
-16.7055968696	1883.69287003
-16.6359252393	1882.45995988
-16.561553901	1881.14745987
-16.494750923	1879.9742421
-16.4175414501	1878.61767472
-16.3501586386	1877.42980851
-16.2860717251	1876.29247941
-16.217864935	1875.07971085
-16.1482543408	1873.84155167
-16.0863952088	1872.74206437
-16.0198363725	1871.56396378
-15.9512633739	1870.35217179
-15.8911437457	1869.2912587
-15.8263549262	1868.14599503
-15.7663878842	1867.086913
-15.7063903269	1866.02404679
-15.6287536081	1864.87414445
-15.4790038528	1863.78051652
-15.2691955024	1862.83398331
-14.9603270958	1861.86486711
-14.5378112264	1860.89453019
-14.0708617637	1860.05908097
-13.4780578085	1859.19921769
-12.8377990189	1858.43261613
-12.1235045858	1857.72045792
-11.3893737255	1857.11254777
-10.5470580511	1856.54321183
-9.64514154865	1856.06249894
-8.81692499376	1855.72656144
-7.97058100131	1855.38305558
-7.16473383358	1855.04040421
-6.29220575787	1854.67602433
-5.5086669373	1854.35034074
-4.72967523907	1854.02502335
-3.9649657656	1853.70507706
-3.19885248499	1853.38500871
-2.4515990676	1853.07311906
-1.71340936871	1852.76513566
-0.991241401061	1852.46362199
-0.295745795767	1852.17321671
0.370941215951	1851.89440812
1.00842290436	1851.62817277
1.61669927312	1851.37402238
2.19757085369	1851.1313466
2.75704961288	1850.89770402
3.30075078632	1850.67065324
3.83160405728	1850.44848527
4.35165410553	1850.23120011
4.87051397091	1850.01440324
5.40658574755	1849.79052628
5.96630864713	1849.55517472
6.56121831661	1849.29565324
7.17434697819	1849.03613175
7.83911138284	1848.76196183
8.44329839392	1848.49658097
8.99462895963	1848.16821183
9.49792485667	1847.78613175
9.98089604994	1847.39257706
10.4865723198	1847.04638566
11.0207520088	1846.68554582
11.5057983928	1846.35546769
12.0122070857	1846.01367081
12.5053101142	1845.68408097
12.9807739789	1845.36620988
13.4312744686	1845.06408585
13.903015192	1844.74731339
14.3843079158	1844.42504777
14.8312988824	1844.13683976
15.3369751529	1843.8032216
15.8248901891	1843.47241105
16.3392334519	1843.12304581
16.9102783738	1842.75036515
17.5357361362	1842.3381337
18.0729675831	1841.97521866
18.6334534241	1841.59448136
19.1511536178	1841.24609269
19.7130737838	1840.87084855
20.2155151897	1840.53539933
20.7566528865	1840.17272843
21.2392883836	1839.84863175
21.7535095756	1839.5042714
22.2280884329	1839.18664445
22.6921692438	1838.87573136
23.1844482954	1838.54614152
23.6203613808	1838.25414933
24.0498657767	1837.96630753
24.4999085015	1837.66479386
24.9134216851	1837.38818253
25.3375855027	1837.10436906
25.7820740275	1836.8077382
26.1948853086	1836.59692277
26.6416931685	1836.44409074
27.1020813515	1836.33447159
27.536895806	1836.26318253
27.9677429731	1836.22192277
28.4013062047	1836.15099991
28.7896423884	1836.0466298
29.1709595267	1835.9409169
29.5438843308	1835.83703507
29.9091492235	1835.73437394
30.2670898968	1835.6325673
30.6180115296	1835.53344621
30.9640808636	1835.4553212
31.3117065982	1835.43994035
31.655975397	1835.45544327
31.9886169971	1835.48803605
32.3134155818	1835.53637589
32.6276550828	1835.59960831
32.9373779843	1835.67651261
33.2672119672	1835.77075089
33.6156311566	1835.88818253
33.9794922404	1836.00683488
34.3380432663	1836.07360734
34.687866265	1836.13085831
35.0366211483	1836.18823136
35.3735046928	1836.24291886
35.7066650936	1836.29589738
36.0253906791	1836.36523332
36.3201904832	1836.48901261
36.6015015183	1836.63525285
36.8657837457	1836.79028214
37.1207886276	1836.95593156
37.3869934605	1837.14257707
37.6672363828	1837.36315812
37.9540710975	1837.61425675
38.239502007	1837.88610734
38.5213928758	1838.18286027
38.7965088438	1838.51000871
39.09997564	1838.82604874
39.4410400926	1839.12829484
39.8100891639	1839.43896378
40.2028198773	1839.76379289
40.6258850619	1840.08752335
41.1061707084	1840.35620011
41.6333008339	1840.58093156
42.1913147512	1840.79882707
42.7568359897	1841.07495011
43.349365288	1841.36950577
43.9730835498	1841.67639054
44.6300659713	1841.99914445
45.3189392618	1842.32958878
46.0168457569	1842.67236222
46.7127380916	1843.01977433
47.4129028857	1843.3579091
48.1011963419	1843.69262589
48.7706909716	1844.02416886
49.422668511	1844.34936417
50.0616455612	1844.66650285
50.6904602588	1844.97643937
51.3110962459	1845.28051652
51.9278870159	1845.57714738
52.5277100152	1845.87133683
53.1093445371	1846.16186417
53.6775513234	1846.43957413
54.2343140196	1846.70715226
54.7815552291	1846.97546281
55.3194885789	1847.24365128
55.8482666554	1847.50732316
56.3674927306	1847.76403703
56.8768921445	1848.01501359
57.3775635311	1848.26171769
57.8694763729	1848.50585831
58.3514710013	1848.74560441
58.8234558644	1848.98046769
59.2843018114	1849.21240128
59.7364807678	1849.42138566
60.207580619	1849.55285538
60.6921692434	1849.63183488
61.1769409734	1849.66870011
61.6401672888	1849.73559464
62.0821838919	1849.83703507
62.5418091356	1849.946288
63.027862603	1850.06970108
63.5368652876	1850.19409073
64.0678406298	1850.31860246
64.6223450238	1850.44897355
65.2057190468	1850.56762589
65.8161316455	1850.60974015
66.534881646	1850.56787003
67.1473999559	1850.51977433
67.7752380904	1850.5198964
68.4295960023	1850.52355851
69.1139221733	1850.52636613
69.8305969788	1850.53051652
70.5893555232	1850.53613175
71.3811951215	1850.56970109
72.1921997618	1850.66723527
73.0592041568	1850.73913468
73.9891968317	1850.81542863
74.9832459016	1850.90429582
76.0421448309	1851.00329484
77.1561890189	1851.10717667
78.3012695835	1851.21337785
79.4757690978	1851.32189835
80.6803284232	1851.43420304
81.9161377496	1851.54980363
83.185150202	1851.66845597
84.4873962931	1851.79028214
85.821319633	1851.91528214
87.1875610886	1852.04370011
88.585449274	1852.17590226
90.0216675347	1852.31127823
91.5080566951	1852.45104874
93.0368958068	1852.59496964
94.6064758831	1852.74389542
96.2145386281	1852.89758195
97.8565674373	1853.05480851
99.5263062056	1853.21374406
101.223419243	1853.3739003
102.945068414	1853.53649796
104.69210821	1853.70275773
106.467163141	1853.87206925
108.251648004	1854.04028214
110.030059869	1854.20727433
111.798889214	1854.37377824
113.556945855	1854.5166005
115.302154594	1854.5947255
117.035400445	1854.63989152
118.763671929	1854.67761124
120.484771783	1854.70336808
122.214202934	1854.72582902
123.963745172	1854.75048722
125.738861137	1854.77783097
127.544372613	1854.80615128
129.380157523	1854.83349503
131.229644829	1854.85937394
133.084198053	1854.88476456
134.940277153	1854.90820206
136.787017876	1854.88146867
138.619934137	1854.78686418
140.435852105	1854.6235341
142.227996881	1854.38891495
143.992370659	1854.0836171
145.731750542	1853.72802628
147.461883598	1853.3603505
149.183075005	1852.98144425
150.892761285	1852.58593644
152.572250418	1852.1325673
154.217254692	1851.61889542
155.823562675	1851.04394425
157.386062674	1850.40795792
158.900970511	1849.71093644
160.362182671	1848.95458878
161.772064262	1848.14208878
163.131424004	1847.27636613
164.439041192	1846.3615712
165.692565971	1845.40283097
166.927764947	1844.44238175
168.149978692	1843.47412003
169.367782647	1842.49877824
170.597122246	1841.50793351
171.828567557	1840.52050675
173.061264093	1839.53417863
174.253891046	1838.50976456
175.56999212	1837.25976457
176.630401664	1836.14745988
177.627227836	1835.00170792
178.556991631	1833.82543839
179.416137749	1832.6193837
180.203399712	1831.38635147
180.917205864	1830.13403214
181.586853081	1828.88500871
182.242874199	1827.6469716
182.880889946	1826.41967667
183.508392388	1825.20922746
184.126205499	1824.00048722
184.74497991	1822.79528702
185.353927667	1821.59899796
185.960372978	1820.41552628
186.568862969	1819.24999894
187.172790582	1818.09057511
187.760513359	1816.91943253
188.286102347	1815.73022355
188.739578299	1814.53515519
189.117507987	1813.34179581
189.420105033	1812.15038956
189.687042289	1810.92895402
189.950500541	1809.72936906
190.223739677	1808.43664445
190.471771293	1807.2756337
190.738769585	1806.05627335
190.991394096	1804.90112198
191.260360773	1803.65808
191.505691582	1802.51464738
191.770233209	1801.27453507
192.010955864	1800.14697159
192.268096977	1798.95214737
192.530868585	1797.73608292
192.768417413	1796.62951554
193.03190618	1795.39550675
193.266815239	1794.30224503
193.508850151	1793.15649308
193.740478569	1792.08007707
193.995407158	1790.89123429
194.222625786	1789.82714738
194.466247612	1788.72167862
194.73579412	1787.50402726
194.986969049	1786.35754289
195.251739556	1785.13854874
195.498199518	1783.97643937
195.724716242	1782.9138173
195.940200859	1781.91552628
196.176406913	1780.82202042
196.395492608	1779.8044423
196.632507379	1778.70019425
196.858474786	1777.64892472
197.108245904	1776.48998917
197.374557547	1775.25488175
197.62113958	1774.11059464
197.879135186	1772.91284073
198.147872979	1771.66442765
198.446044975	1770.27758683
198.720855767	1768.9997548
199.031524713	1767.55737199
199.322479302	1766.20849503
199.642791803	1764.72363175
200.000091607	1763.06933488
200.321685846	1761.58178605
200.676834161	1759.94152726
201.013076835	1758.38903703
201.380844168	1756.69018449
201.725891166	1755.09387101
202.092910821	1753.39526261
202.434356744	1751.64147844
202.684234672	1750.0622548
202.960632378	1748.34374894
203.208511405	1746.75488175
203.481567437	1744.97094621
203.732009941	1743.32714737
203.997879082	1741.58349504
204.28332525	1739.7131337
204.537048393	1738.04931535
204.796722466	1736.23181046
204.967086846	1734.58483781
205.07489019	1732.77807511
205.101165826	1731.00707902
205.111526542	1729.37316788
205.100387627	1727.45617569
205.076156669	1725.66357316
205.048797661	1723.94555558
205.018035944	1722.10021867
204.983734184	1720.08935441
204.952453668	1718.28393448
204.917480523	1716.27685441
204.884964044	1714.4125966
204.85049444	1712.42675675
204.817153984	1710.50610245
204.782089287	1708.47485246
204.747787527	1706.48242081
204.71313482	1704.46435441
204.673675592	1702.1514882
204.638336234	1700.06701554
204.616928153	1697.9541005
204.648147637	1695.82873429
204.686904961	1693.68774308
204.745529229	1691.34692277
204.810623222	1689.10668839
204.879303032	1686.85522355
204.947738701	1684.63635148
205.017059382	1682.39831437
205.089477593	1680.07031144
205.160430963	1677.79247941
205.231887872	1675.49511613
205.308960015	1673.01733292
205.38185125	1670.68017472
205.459442193	1668.19470109
205.540420585	1665.60595597
205.615509087	1663.20580948
205.684875543	1660.7867421
205.6974793	1658.35644425
205.679748589	1655.82983292
205.640335137	1653.36620988
205.583007865	1650.8825673
205.51403814	1648.27270402
205.444152886	1645.74780167
205.374145561	1643.19946183
205.318466241	1640.63183488
205.319488579	1638.06262101
205.339416556	1635.47717179
205.387191828	1632.60888566
205.44195562	1629.97253312
205.507202203	1627.05627335
205.569030816	1624.37768448
205.631683403	1621.68163956
205.694854789	1618.96325578
205.758895926	1616.21508683
205.823944146	1613.43737687
205.889877372	1610.63183488
205.956390435	1607.80248917
206.023407036	1604.9541005
206.074188286	1602.09423722
206.069885307	1599.23120011
206.046081596	1596.35620011
206.001220757	1593.46655167
205.94572454	1590.56249894
205.88613897	1587.64465226
205.825256402	1584.71252335
205.763793999	1581.7653798
205.701812798	1578.80493058
205.639297541	1575.82946671
205.576629694	1572.8402089
205.520874077	1569.57238664
205.535156304	1566.56530656
205.611572321	1563.55578507
205.725753838	1560.53393448
205.899292045	1556.99267472
206.065597588	1553.94287003
206.233764701	1550.8792714
206.348144583	1547.80798234
206.420471244	1544.72875871
206.46400457	1541.63427628
206.486465508	1538.524413
206.499481255	1535.40051163
206.508941705	1532.26232804
206.517059379	1529.10876359
206.524902396	1525.93969621
206.532867484	1522.75622453
206.540985161	1519.55724992
206.549316459	1516.34423722
206.557693535	1512.57690324
206.563278251	1509.32995499
206.570129448	1506.06909074
206.578460747	1502.25903214
206.585907037	1498.96472062
206.594955497	1495.6469716
206.604568536	1492.31518449
206.613754326	1488.97607316
206.622741752	1485.62719621
206.632324273	1482.26354874
206.642852837	1478.88049211
206.653442436	1475.47607316
206.662551933	1472.05432023
206.670684867	1468.6193837
206.679565483	1465.17394914
206.689987235	1461.71411027
206.700927788	1458.23962296
206.711395318	1454.74658097
206.720901543	1451.23608293
206.729690606	1447.70898331
206.737777765	1444.16638078
206.74536138	1440.61059464
206.753646903	1437.03954972
206.7632752	1433.45324601
206.773819024	1429.84997453
206.784927422	1426.22924699
206.798126275	1421.98486222
206.809524591	1418.33068741
206.820831351	1414.66149796
206.832412773	1410.97595109
206.84429937	1407.27514542
206.856536919	1403.55786027
206.86898809	1399.82470597
206.881622367	1396.07568253
206.894500787	1392.31152238
206.90766912	1388.53210343
206.921234186	1384.73681534
206.935241754	1380.92553605
206.950058037	1377.09826554
206.965576227	1373.25451554
206.981445367	1369.39465226
206.997665459	1365.51928605
207.01429754	1361.62792863
207.031890924	1357.72119035
207.050643975	1353.79894914
207.069519098	1349.8636464
207.087585502	1345.93054093
207.103866631	1342.00244034
207.119705255	1338.0811757
207.137786918	1334.16674699
207.157455498	1330.25927628
207.176559503	1326.35693254
207.194397026	1322.45934952
207.211761529	1318.56738175
207.229476983	1314.68224992
207.247924859	1310.80541886
207.267822318	1306.9360341
207.290390067	1303.07372941
207.314392142	1299.21996964
207.333679254	1295.35266007
207.350906426	1291.48828019
207.370681815	1287.64538468
207.391784722	1283.82214249
207.412139946	1280.00634659
207.431304985	1276.1872548
207.450668388	1272.36498917
207.470794733	1268.54431046
207.490539604	1264.73339738
207.510238702	1260.93334855
207.514450127	1257.14355363
207.454849298	1253.37036027
207.325683646	1249.61047257
207.128631644	1245.87560929
206.878509576	1242.15356339
206.597991998	1238.44262589
206.307586725	1234.73925675
206.015075736	1231.03991593
205.721725518	1227.34387101
205.427841241	1223.6514882
205.149734552	1219.96679582
204.936706595	1216.29858292
204.767898614	1212.64025773
204.636123709	1208.98705948
204.521301323	1205.33862198
204.410736139	1201.6917714
204.338684135	1198.05627335
204.334243827	1194.43871964
204.383575494	1190.83618058
204.480148368	1187.24169816
204.602966362	1183.65527238
204.734863335	1180.0758046
204.869293267	1176.50060929
204.97811895	1172.93237198
205.031158502	1169.37914933
205.051818901	1165.83495987
205.046615654	1162.30248917
205.031051691	1158.77892961
205.013855033	1154.66918839
205.003753715	1151.15185441
204.998718316	1147.63207902
204.990875299	1144.09875382
204.979827935	1140.56481828
204.965347344	1137.0511464
204.946380669	1133.56603898
204.931228691	1130.10546769
204.929122978	1126.64916886
204.928726249	1123.17089738
204.914032036	1119.67199601
204.890884453	1116.17773331
204.872970634	1112.71008195
204.868240409	1109.26733292
204.867446953	1105.8291005
204.861892753	1102.42053116
204.854217584	1099.07617081
204.843658502	1095.79626359
204.810745295	1092.5745839
204.750106865	1089.43945206
204.667602591	1086.41918839
204.572418267	1083.50158585
204.466430716	1080.65661515
204.348724418	1077.87621964
204.225433403	1075.16906632
204.102935846	1072.54882706
203.982147271	1070.01843156
203.861740165	1067.57433976
203.739959771	1065.21569718
203.615646416	1062.94872941
203.489517266	1060.77917374
203.361236625	1058.70385636
203.213562067	1056.37878312
203.098266656	1054.4541005
202.984924371	1052.60754288
202.852920586	1050.80871476
202.714035087	1048.78588761
202.664230399	1047.09374894
202.670761163	1045.42675675
202.667953544	1043.76391495
202.645813042	1042.10278214
202.605804497	1040.43652238
202.396377618	1038.8771962
202.104751639	1037.51794328
201.763763481	1036.33312882
201.689895683	1035.07836808
201.591964777	1033.82641495
201.460205132	1032.49633683
201.353973442	1031.21252335
201.25157171	1030.11389054
201.13891607	1029.17077531
201.015182549	1028.30297745
200.866272026	1027.46862687
200.682281549	1026.67834367
200.469375662	1025.96227921
200.236908013	1025.336913
199.988708549	1024.80053605
199.719772392	1024.34826554
199.421981866	1023.98290909
199.092529351	1023.70971574
198.740814262	1023.51251115
198.385986384	1023.35839737
198.047775324	1023.2207631
197.711944633	1023.08575333
197.384826714	1022.9551381
197.065506035	1022.82775773
196.74198919	1022.73950089
196.412414604	1022.70281876
196.081726128	1022.68701066
195.730224663	1022.68475236
195.354782157	1022.70208634
194.959060723	1022.74200333
194.546585136	1022.80663956
194.12112432	1022.89898576
193.685455376	1023.02191056
193.242813165	1023.17846574
192.781570488	1023.3145131
192.290832574	1023.41424454
191.77372747	1023.5143422
191.231063895	1023.61944474
190.662612968	1023.72802628
190.067810113	1023.84088029
189.344696098	1023.97167863
188.793045098	1023.99462785
188.313888604	1023.99487198
187.875610406	1024.0100087
187.436004691	1024.05615128
186.971862847	1024.09631241
186.419769339	1024.15234269
185.828949029	1024.07861222
185.185852105	1024.02966202
184.561554009	1024.14257706
184.000534111	1024.31445206
183.420425468	1024.36132706
182.81593328	1024.42932023
182.240142877	1024.51013077
181.558807427	1024.63867081
180.752105768	1024.85766495
179.91639715	1025.11328019
179.189865166	1025.38976945
178.61143499	1025.53454484
178.030807549	1025.66088761
177.367645318	1025.85595597
176.557815606	1026.10107316
175.703765922	1026.39660539
174.851028495	1026.6235341
174.02651983	1026.70837296
173.242950494	1026.67553605
172.491073662	1026.56762589
171.757980399	1026.39477433
171.047287041	1026.15038956
170.37617498	1025.83349503
169.759246879	1025.45605363
169.150299125	1025.11669816
168.536392267	1024.8011464
167.908569389	1024.47485245
167.252960258	1024.13281144
166.566207939	1023.7756337
165.847778374	1023.40093888
165.081619318	1022.99969377
164.262985284	1022.56945695
163.391754204	1022.11004533
162.465637261	1021.6212758
161.483459526	1021.10180558
160.463470512	1020.5601796
159.416839654	1020.00360001
158.339035089	1019.43078507
157.227874809	1018.84289445
156.084945731	1018.24243058
154.920394951	1017.63146867
153.742630057	1017.00933732
152.544342095	1016.36846818
151.332901053	1015.67748917
150.12014776	1014.91754044
148.867538505	1014.12219132
147.584899956	1013.30053605
146.280410821	1012.44116105
144.956054741	1011.54711808
143.616058403	1010.62744035
142.248245293	1009.68347062
140.850555473	1008.72143449
139.427352957	1007.74719132
137.986587579	1006.76464738
136.51606756	1005.81982316
135.012756401	1004.923705
133.489898735	1004.0198964
131.928009086	1003.11736955
130.326873833	1002.21179093
128.696670587	1001.30273332
127.048080499	1000.38964738
125.3832398	999.470702067
123.700996453	998.544798745
121.996086175	997.608275307
120.263443047	996.656859291
118.506050165	995.69097794
116.728820855	994.712950598
114.938537651	993.725951085
113.140380914	992.733946694
111.337142997	991.739500891
109.519485529	990.753050694
107.664283806	989.817564854
105.776031547	988.911497964
103.868820242	988.013182534
101.952552849	987.122313392
100.030540521	986.226988686
98.0923157283	985.319395911
96.153518732	984.3659047
94.1988373326	983.391051184
92.227890068	982.411497961
90.2622833785	981.421263585
88.3022614057	980.412657633
86.3299484792	979.38757218
84.3299561081	978.356810463
82.3072205112	977.328307047
80.2805023735	976.298888096
78.2552795954	975.258665928
76.2233124301	974.205077062
74.1779175334	973.140257729
72.1170807414	972.060545817
70.0281677791	970.961974039
67.8975067691	969.855833896
65.7461319495	968.753233802
63.5825386588	967.649474036
61.4018860402	966.554930578
59.216751152	965.480223547
57.0381813595	964.420531162
54.8805885863	963.365843666
52.7229843681	962.353148353
50.5329552223	961.415343177
48.3098412105	960.592406166
46.065292412	959.833800208
43.8135033204	959.120848549
41.5683823171	958.471129312
39.3378105695	957.90911759
37.1189919051	957.441588295
34.9016457138	957.054198156
32.6846581048	956.733153238
30.4942970822	956.481505289
28.3890228812	956.291991128
26.36491018	956.150511635
24.4055786664	956.030272374
22.512302454	955.919310463
20.6906281064	955.807249916
18.9694328828	955.711302651
17.3496552061	955.634825598
15.7983589727	955.565611734
14.3048592146	955.497923746
12.8773842399	955.430113684
11.3254585801	955.348204505
10.0990906301	955.289061441
8.98692327109	955.255064856
7.81381993956	955.249571692
6.85192113521	955.256590733
5.9034653228	955.214171303
5.01011663041	955.14807023
4.31633763836	955.131590736
3.75688176771	955.117552651
3.26723485568	955.077269449
2.83403020602	955.0143422
2.53508001025	954.988951576
2.32703023584	955.008299722
2.18062978511	955.040526284
2.07597356458	955.074767005
1.97895818471	955.037901771
1.99612813711	955.137694254
2.04541021015	955.231993566
2.10171895608	955.326292884
2.18644719658	955.418822181
2.25960164628	955.494383705
2.18441777845	955.424315345
2.11267095176	955.326720131
2.04764180729	955.207762613
1.99683004007	955.096556558
1.95287709992	954.979735269
1.92660909245	954.862669836
1.90934377356	954.759032142
1.86452108034	954.661864173
1.80365377001	954.57330216
1.77154546435	954.47314347
